45757
50164
53486
53404
61681
21008
37138
25509
19695
63767
11368
8654
4647
9648
62755
9955
57059
40040
32499
42484
50054
17659
42330
45830
52507
9046
29789
42448
57241
9698
25912
37462
59862
13863
25331
56008
34871
62469
15981
54566
60701
27349
63220
65348
36997
60440
9767
28520
34944
42266
5469
19462
59925
47799
65292
46897
56846
29545
23809
48551
39243
49721
20478
33569
63584
45809
24041
32919
42742
40022
21949
37907
1836
19634
37719
38833
14538
47486
1818
49482
24217
7287
3408
18606
55086
3164
65503
46396
32709
23776
29412
6416
7962
49890
39985
6010
30163
64027
38930
7369
